0.8631018253600881
0.9495276147514459
0.5697972670649875
0.9311358343409388
0.04169442763464504
0.643161595906754
0.9809386108646464
0.7964782120630844
0.18420350169648825
0.1296912628491953
0.8147868832218246
0.2065955582790503
0.14724646236164463
0.6262601659755678
0.8089553979126574
0.11835752609383143
0.541374704997712
0.7773935793634437
0.9759500609970126
0.8646395018519042
0.6788215658941834
0.09085334340548867
0.3440888228572816
0.39197389220221757
0.1019244561473085
0.8701597890717997
0.31573159879910884
0.6307480227561973
0.3477692815505268
0.6794555308962744
0.7168257328407732
0.2216116904695028
0.011831806906872355
0.6351752868563891
0.28462396727151507
0.9711717543134675
0.3618671565322672
0.10902506672762324
0.2945329736288722
0.09071562395081478
0.7230251336959533
0.7480627533197515
0.2624021251343831
0.4836185344692808
0.606146011887119
0.07021146043405124
0.17516424202770986
0.09025472754068997
0.0834173950877557
0.2773260145345515
0.5005910593375342
0.5736459531390024
0.2290496743277156
0.342972084950373
0.30602773094657043
0.43474496689532105
0.537354316704759
0.8783663136758721
0.17632283905119828
0.9831658087037188
0.10658532333989512
0.7574649708652538
0.2627711722314445
0.4573368914410826
0.03413115962149427
0.9909779177076881
0.7177387101479727
0.98746642545847
0.9071209236636458
0.8791234878782481
0.9737404092824484
0.025374496299808147
0.49223477518828684
0.044228764125189945
0.8110931165603567
0.32715953259828645
0.7294858891296157
0.546819626153021
0.9248677096992748
0.5678314367854214
0.9169669227581658
0.9226326909449495
0.7497154657399023
0.19145745537851733
0.5370311871640358
0.6430217744208717
0.630246195836908
0.15603096636923508
0.519105143448818
0.19751936472652531
0.03498617442505214
0.8191874009913308
0.8603050373955448
0.7248534169546141
0.40354647685589917
0.3290558386260678
0.4322576060060416
0.8775083976634379
0.3894830131093776
0.5339484929373232
0.49100085326101683
